"","1","2","3","4","5","6","7","8","9","10","11","12","13","14","15","16","17","18","19","20","21","22","23","24","25","26","27","28","29","30","31","32","33","34","35","36","37","38","39","40","41","42","43","44","45","46","47","48","49","50","51","52","53","54","55","56","57","58","59","60","61","62","63","64","65","66","67","68","69","70","71","72","73","74","75","76","77","78","79","80","81","82","83","84","85","86","87","88","89","90","91","92","93","94","95","96","97","98","99","100","101","102","103","104","105","106","107","108","109","110","111","112","113","114","115","116","117","118","119","120","121","122"
"1",1,0.685727642502497,0.697394163751939,0.672545463273478,0.709103027598125,0.673478965168529,0.722684609672067,0.647789209669239,0.692734567698058,0.685690323294904,0.627610947833259,0.666997968064017,0.674688304412044,0.759183833382946,0.639290111106973,0.694330089544565,0.756446867562265,0.696436264222364,0.658230677822438,0.687223245289603,0.663195186527047,0.636574897439681,0.654483396333,0.64649637950879,0.679614212927147,0.683865963425594,0.643677814225502,0.665253092702414,0.704505508876081,0.666706971140648,0.706254968543169,0.619719110137232,0.640865459033636,0.712843098431283,0.657869059083442,0.703498148233459,0.643319509825688,0.581772647912228,0.635456195639851,0.682072115243721,0.644828710685933,0.669933007844932,0.678009988371332,0.667968137408845,0.676626845726402,0.671045303289957,0.668559447355746,0.670967632503705,0.6461262954832,0.668650427817367,0.687151890724698,0.660453538096042,0.673333046952389,0.609876398247017,0.639991734689167,0.666483553710012,0.690956967535142,0.695848611480139,0.661294806307459,0.657371957742175,0.645342035529937,0.689838016558604,0.332549041187887,0.37139411575072,0.667447400429911,0.358398978502372,0.444195303283896,0.657251819847169,0.421737553990944,0.436022498807452,0.641261952637638,0.401445236317506,0.370039078375794,0.425524858167263,0.425793607565631,0.666866474072814,0.542780586283433,0.431418631023506,0.68213689870099,0.471021656927331,0.657079508807249,0.675577793506426,0.636532775635851,0.651573438302287,0.605868223264877,0.698467599895778,0.662273081466253,0.669702636993064,0.668763424771361,0.606426296847724,0.683239868595998,0.636649002847571,0.691737168260067,0.65081524681235,0.646278390503102,0.637971116196927,0.676678278418718,0.644052490195839,0.703295121602698,0.644978848315433,0.649190090012813,0.649862143285234,0.663719361894853,0.642786780470716,0.692078843052609,0.714160075952088,0.64873247713634,0.682114101383754,0.679051958029611,0.688407044520704,0.617065252110724,0.662405331820117,0.605064038529868,0.649065354703405,0.605311309945907,0.676632704046402,0.649622710087087,0.620586759735518,0.677440430157253,0.668252946524153,0.642062911078649,0.670777823107747
"2",0.685727642502497,1,0.682829830866874,0.651450722441019,0.747493696499989,0.682538965601149,0.722482022219903,0.687564088950183,0.653161175144475,0.734678055487118,0.662286518730239,0.731785449914401,0.688132103109231,0.716040254615345,0.680222393824854,0.69718391703846,0.748146521630562,0.718130669386607,0.693923026744168,0.713841357084185,0.667650151893372,0.697809876023374,0.693806898347859,0.671635193230542,0.677895038242722,0.726130026232327,0.662475390874167,0.67674391273854,0.649229602866557,0.695457696276895,0.682720540426866,0.708766820291026,0.658672847996522,0.694123997809049,0.655451921246518,0.69712942077152,0.672326360349091,0.594657441607153,0.629748352952157,0.712457672087086,0.664917464807492,0.693661891812749,0.68783415121567,0.675183288450745,0.666609682213785,0.675203631434786,0.692197193659498,0.709923139597637,0.654049870439087,0.732935637751573,0.696698781525263,0.685064641050005,0.663829806389029,0.657635268085289,0.678316633491618,0.700065382571813,0.680562149188849,0.725231208928445,0.692788210289181,0.671049003392552,0.668526327724919,0.65498308176454,0.326506189791675,0.39485784599789,0.711128479191156,0.415218302723075,0.4501093379005,0.720576909754526,0.416509215173291,0.385359729325326,0.670261696980117,0.394001405049442,0.417096827670588,0.418882578735348,0.452544561941698,0.684867550239503,0.538686138445023,0.441086117018866,0.660480127676655,0.427864644183407,0.669162749880296,0.687348463651225,0.701266964965605,0.694466745432196,0.692963476058,0.714719821086277,0.689392084547115,0.647533010974223,0.667790436183563,0.697793038667158,0.667001531183402,0.661015246647381,0.697645059239684,0.648462490898203,0.698280313000713,0.692113934845554,0.663732487089294,0.692402701145826,0.676868809364929,0.645978196439639,0.649733603840374,0.687691084611825,0.682178836651422,0.691004002192199,0.692348364584086,0.715633657330804,0.675897625402529,0.707598130507969,0.659115775750018,0.617787436499429,0.673147891518879,0.65697982675625,0.642114760034266,0.719005802523568,0.680749228753911,0.686627448101304,0.708247496909663,0.678786082590688,0.708954902405991,0.689531430735469,0.676173646959288,0.671150367477788
"3",0.697394163751939,0.682829830866874,1,0.852967159622082,0.801834811601531,0.673732042892915,0.682608486526821,0.689318635484362,0.730220029461583,0.693619834808784,0.70646318915121,0.663035451100991,0.686404873395831,0.674254095756365,0.693112528504433,0.637795846498934,0.58243594073229,0.708191341352173,0.700454237295446,0.682777220637575,0.669241754542955,0.664385466316175,0.655628509593825,0.653833195606345,0.68729578603468,0.633920412426366,0.701804582334359,0.672700636610798,0.668473100506258,0.580286474188333,0.69787406506761,0.672702407387348,0.601153449315551,0.673184787611283,0.660208851644511,0.62414372919892,0.661251107251676,0.544558780251337,0.650379961634942,0.652540540784027,0.599796371633292,0.694676039319309,0.66373040787282,0.645741318977081,0.673818173839273,0.686545021377788,0.642623958459608,0.705606943346597,0.616505490996958,0.64048424663816,0.671837527298753,0.669418463484901,0.658434082487441,0.595536291580764,0.605441743543738,0.694376073708527,0.689623491742997,0.691861914110112,0.641625284551198,0.670206052951246,0.630150236231487,0.665512071524973,0.356185544006841,0.382956442237255,0.665600857781364,0.341922322136902,0.373809577123837,0.65408802937008,0.455994966117526,0.39289887174784,0.673064030005735,0.380461019180316,0.357347965162523,0.39507315425343,0.459936999695676,0.671552172194598,0.525852798768814,0.444777666570721,0.645972891545512,0.420353410839772,0.621275576967479,0.658595377990385,0.603399004990318,0.702144183678287,0.67614168384548,0.632724260505699,0.676114402697629,0.620742252928657,0.656615543888246,0.573808952749856,0.65744871960042,0.648097170173886,0.633645569956938,0.67216765732933,0.683898669106711,0.663828981964742,0.675872727507232,0.661199482180027,0.674282266370743,0.666933986913745,0.6370284418993,0.67147533079284,0.652261260170822,0.649496868579348,0.625359104453893,0.624961280597601,0.618370212075047,0.674359536855846,0.630901714408149,0.708471430236547,0.641243659260384,0.766737620262848,0.647004501522574,0.621409859336017,0.619683664688661,0.611650440072233,0.542864513466677,0.589269811850046,0.655143692648104,0.63254323871545,0.666080388908555,0.625046880827507
"4",0.672545463273478,0.651450722441019,0.852967159622082,1,0.808543475104478,0.73721717808966,0.689436763469761,0.648774123993186,0.711068447234713,0.684879036282723,0.655834011455821,0.745565604054945,0.707745509366661,0.773972100002853,0.657582149711914,0.679354350431171,0.709471456408484,0.651839884743929,0.696886823176838,0.718198028031942,0.693221460215265,0.618239033745882,0.63016038036777,0.628904966715903,0.642303450141346,0.620429342851806,0.637246571835199,0.618004871318328,0.642861051351442,0.647357691131217,0.622407310340025,0.634135851579503,0.626640860285573,0.664188936014503,0.633675097341085,0.66118719043583,0.650100558909923,0.569770894284857,0.617660069670505,0.613826716916326,0.604020998404784,0.602553658390283,0.63461722952591,0.650812305680475,0.631961124158949,0.629001604219434,0.635756367896487,0.642059482555601,0.63852270823826,0.670946961211939,0.641537340452881,0.652562028287521,0.648177643731889,0.642243793177761,0.67029946681518,0.671556253460555,0.666782137443614,0.652230372078778,0.65247149252099,0.680018705418595,0.602352910399008,0.638463682333589,0.379944424276125,0.377839986218962,0.678506153343396,0.356371038454624,0.384537043965263,0.657145625660179,0.385439015339028,0.352080327451809,0.615572039401614,0.377885246440326,0.347176955398901,0.413715644224581,0.413556194115505,0.657469158492415,0.517053943922492,0.419159091670055,0.64876231637603,0.442498230590815,0.606889376331289,0.651643584198194,0.66052114848888,0.682966166898956,0.660295396174816,0.646992593697375,0.640202807184034,0.65145073275613,0.587301119734452,0.613830744087173,0.589071365756955,0.616141816162141,0.661308759390319,0.6540149275921,0.648784405663774,0.647670742544212,0.656448237065105,0.633769802274197,0.681022577676807,0.643798344409761,0.588227685122924,0.628480101058313,0.633165271943193,0.649058490619342,0.632648704087639,0.651048698012522,0.659702517318033,0.645934604370793,0.658195223374106,0.64112804069584,0.638133181835432,0.662343164574986,0.616034555199108,0.652643892698853,0.628073844776107,0.638787580847584,0.636576431774,0.604251206331767,0.657896635164251,0.625275525534902,0.64991261509748,0.630389623499428
"5",0.709103027598125,0.747493696499989,0.801834811601531,0.808543475104478,1,0.814602669895673,0.737797880142404,0.690935432587528,0.697830908809333,0.703966842923013,0.63626349052409,0.678671633165225,0.75960081984994,0.76638680061289,0.66279948985298,0.674098130668418,0.775586339350198,0.680168478092786,0.716440061541221,0.684059394039324,0.682027250553001,0.636620677404186,0.664385820863833,0.668189998840701,0.6874811885834,0.703291517994582,0.657439427463542,0.663457284224171,0.697049845717962,0.668721250711299,0.73740435497755,0.671597146197336,0.607908141041974,0.703471931294512,0.642666317023078,0.705750961484116,0.676255134838874,0.592269935653422,0.64635739070369,0.671082051903889,0.608887615575719,0.622301171513514,0.668940187573537,0.648591414212501,0.637532733570261,0.677948933454649,0.679981597792833,0.691730523058259,0.662206732476046,0.673785639096856,0.658261473279347,0.664228796494965,0.635217046973469,0.608600550011701,0.659953613399062,0.647774252294066,0.643825693163728,0.660701912199591,0.663520885112812,0.645881204445805,0.645248802111097,0.667718196846594,0.334508610756511,0.362786384424055,0.662948910331747,0.327651361218878,0.389904870712532,0.642045829864267,0.412281227774723,0.360372602484892,0.680753731649527,0.394990180748042,0.375428485531651,0.467515793005862,0.390809608917845,0.684147655152495,0.546318643649096,0.400492794305327,0.670159541256043,0.4347767851963,0.650173597060419,0.598001584145133,0.625648498307573,0.629927120697057,0.664190148909864,0.680964632445574,0.6608070977908,0.632880286466521,0.686825453079905,0.634205047252766,0.650801951322437,0.638732153814784,0.654212500086346,0.622602966802368,0.678636746939521,0.631345228674477,0.639632033101419,0.678754351502066,0.698472267580223,0.614316831443655,0.70396844799269,0.667646969333219,0.650624918855566,0.675756822932305,0.667002853790113,0.724526670687041,0.65888551599625,0.67389524547382,0.639902040284934,0.579189443082909,0.649777796602668,0.663553651227515,0.620398350110087,0.678903899426099,0.664980355537245,0.675916581221854,0.636839208505459,0.617266094678853,0.623375458174903,0.677156852758964,0.683023688971015,0.627893100221199
"6",0.673478965168529,0.682538965601149,0.673732042892915,0.73721717808966,0.814602669895673,1,0.746057837361844,0.652451788266664,0.709599316886908,0.665616124776857,0.626518760125471,0.644452094130608,0.690048340324407,0.773292539322896,0.644066205535424,0.677683257227767,0.734585548280881,0.639688145401145,0.658856067049305,0.696357980575067,0.642743803584703,0.661278965433638,0.602676298097068,0.668345802774797,0.637767554898007,0.624090087359492,0.660922001085706,0.625924478002804,0.653066862113271,0.651803481066533,0.65498287895832,0.626684234359622,0.674290917223863,0.681062039908141,0.67587898069775,0.682186360101484,0.618840121488181,0.601811529824816,0.619536823030354,0.654036617544667,0.608017146722916,0.672497032283894,0.661186589915798,0.676399184899629,0.648675912544615,0.606578595758964,0.684764219944983,0.661809840814458,0.641042934345732,0.664754457097421,0.634861237462,0.643214062893068,0.685512224663845,0.635513090753479,0.643506321026053,0.685579161854219,0.645911109243205,0.669313375850354,0.650834240538527,0.619505081384341,0.600054697023585,0.647867605168444,0.361910734013374,0.388377434961331,0.641406900283067,0.383763594433215,0.410936275286507,0.653605335684722,0.414790668652184,0.454810929296721,0.634291560426866,0.428333738808786,0.383371034150683,0.435473441954306,0.424872076511587,0.648071723832034,0.558111509048516,0.435633363927892,0.64315293572524,0.443717161337561,0.657689226877869,0.612933767097336,0.651572886111903,0.679818149180187,0.656709270895277,0.644566460598888,0.672885888109855,0.667008425413408,0.60973679190283,0.606264681235144,0.641682889245406,0.653763615944384,0.64573806283264,0.639935077482081,0.635436337708999,0.584870632662486,0.664296210312867,0.645031523441581,0.662627042185869,0.616982208573011,0.527058844398931,0.633765276786767,0.613687009984266,0.673240934157336,0.652557188618706,0.666731356201957,0.648613675393883,0.670175111283284,0.650533771079012,0.646308383229656,0.629057964554662,0.617056532760207,0.650512908735058,0.640826707033149,0.654115537172126,0.689647772874512,0.643320005232068,0.624144926383809,0.66458667808006,0.623102058572901,0.656275921606545,0.661919083640523
"7",0.722684609672067,0.722482022219903,0.682608486526821,0.689436763469761,0.737797880142404,0.746057837361844,1,0.863346925978312,0.749360487254165,0.707991914279638,0.698297428602152,0.701106318985782,0.704088790666941,0.771618737827678,0.685742421198968,0.743524343535415,0.731671926283215,0.732851392894589,0.720126391819548,0.696989473847005,0.697646932822979,0.678640163556564,0.693500151845382,0.661438782699129,0.721537284269809,0.745038558157271,0.72558416587902,0.66012315342719,0.723797318259631,0.730503460492136,0.71864790583165,0.670028731725198,0.717739422974137,0.716364427464335,0.687851649763768,0.73254128631559,0.681374821991745,0.594895243569186,0.667028872864106,0.675638136179868,0.687850293752938,0.679541950626368,0.677550755595406,0.662052875848407,0.641243636998218,0.65952249602663,0.717308084789454,0.73223669242343,0.679465145557704,0.704112486366869,0.685689155826981,0.685273782991759,0.721249904867485,0.674666440781991,0.698646561777902,0.72031625925275,0.694762639162884,0.67403464404562,0.704269271172435,0.680422199685267,0.648773933192754,0.69027683398973,0.359935211050454,0.401309092678134,0.680397677642257,0.382084396956685,0.440097829399014,0.693348992300577,0.455088076036311,0.483999952372683,0.672279908801065,0.421633139152061,0.393095272444686,0.432197529460849,0.475404769664861,0.662049872115296,0.555334911944669,0.462229132043682,0.700080957550154,0.516438774595808,0.666934856630656,0.696462720445671,0.688958957458345,0.729092589039661,0.654309272404892,0.691486025428401,0.682172679512264,0.628929706212195,0.706586754602329,0.679066415296587,0.69727072068,0.715037235812145,0.679363439168348,0.695847174291098,0.68365034558457,0.699761216022796,0.677685148840433,0.696563324764501,0.703863030395242,0.648930733348581,0.672359107701407,0.699919976082531,0.703721858018945,0.696419920579204,0.698658426740049,0.697318697514907,0.700460851208631,0.73085853094557,0.635285348717451,0.72502318325253,0.70884121125477,0.727368216287171,0.668029240479661,0.699269914193195,0.75293553181213,0.640687587520755,0.646575737194238,0.680517466023661,0.678122325728756,0.682213217296426,0.662421125554537,0.718590515151287
"8",0.647789209669239,0.687564088950183,0.689318635484362,0.648774123993186,0.690935432587528,0.652451788266664,0.863346925978312,1,0.809604035158029,0.680380462049536,0.668984848663965,0.653525760015113,0.693228305085906,0.767106425557209,0.686874852833418,0.720501347185427,0.740576141229764,0.654644622752135,0.703876284031769,0.636730507030734,0.664689768021667,0.634561346944311,0.646224072030513,0.625331952024073,0.662588211398184,0.640523115753302,0.670632222610864,0.619115167899933,0.674881344411247,0.67611012782762,0.699862873921704,0.641883133703191,0.657448004429612,0.669729993146402,0.620109576223221,0.679245576069778,0.621835148826646,0.556910477186928,0.627599773337388,0.663107133891194,0.626988401651083,0.672526210377042,0.614755675548227,0.619966011964723,0.625103108138477,0.601614918205992,0.664448248805067,0.699264251868981,0.61022018038148,0.667447552740981,0.616808964128242,0.650062284617685,0.664703511923273,0.584119341933447,0.613978208223063,0.702979628172242,0.655249987564365,0.680923089433065,0.665899686595724,0.640592071111108,0.64245171926067,0.619017293486985,0.30206654919602,0.364373987774337,0.640409296280483,0.426557086209073,0.43323173878953,0.662979710104592,0.407727210697383,0.414148619209464,0.656237156160085,0.362944720171927,0.403709911695189,0.374589421940355,0.441870196379717,0.653810250921603,0.531983350335153,0.410906156291013,0.649411206864181,0.474738828685235,0.651794912196697,0.636361137237786,0.58150472196408,0.699000206531091,0.624413394022794,0.639359864696472,0.6827094637603,0.611033542206437,0.688719923577608,0.632357039449464,0.629336173443048,0.656065937578192,0.682034422307705,0.640388982916447,0.676828620363397,0.646658896574062,0.656295985232841,0.67733709456432,0.705802201175318,0.633286080122687,0.70136550511106,0.663622976330253,0.668083656059786,0.693440038283604,0.677300768033805,0.696490743703192,0.666257886388807,0.62939577451559,0.63566350401461,0.711703735517453,0.657383229962143,0.68687484742923,0.582383099784233,0.671978910913502,0.634725369429515,0.598999039194483,0.626038144332059,0.63770297444268,0.650376375404376,0.642640293726543,0.698135174262374,0.666147513600178
"9",0.692734567698058,0.653161175144475,0.730220029461583,0.711068447234713,0.697830908809333,0.709599316886908,0.749360487254165,0.809604035158029,1,0.716156329376189,0.809327416505405,0.69247516247918,0.721463249908708,0.741504963846244,0.6866936945205,0.703187985053642,0.710806098150986,0.716560920637182,0.692788197781858,0.667485913129038,0.661054751646562,0.639960936451151,0.666983751373345,0.683341224397826,0.654574599964437,0.647423052850187,0.729181706921876,0.663486080577264,0.722910916356052,0.620148059129986,0.663445115665465,0.668502495429022,0.674673185096925,0.710137267222833,0.664695162965697,0.659892048568618,0.693936394861252,0.575761034030515,0.681363560910845,0.624096644657076,0.593497623754533,0.719421977973118,0.643045801762121,0.665680678861357,0.644148498201336,0.627870162384936,0.692914943771404,0.714058443955984,0.627681554054293,0.686853628360521,0.705695652437439,0.669818319057647,0.722700644436899,0.642976747642866,0.637381924815657,0.652889384365336,0.681378996481084,0.689179047910985,0.666902405943761,0.68026049767391,0.630055651023775,0.668537326361218,0.361200020152082,0.355862029984164,0.66080951074185,0.473158119918091,0.415900749314203,0.670390721482723,0.446309465584799,0.380312870105848,0.676201208589248,0.394396436354392,0.407724615160979,0.43939280381097,0.454706912089398,0.645070024306466,0.514665517392978,0.408140726557676,0.683164666251138,0.439446330552685,0.656885487393962,0.667034341495258,0.687547061603458,0.630648495788115,0.652018820267353,0.63585963617108,0.681260032197175,0.639347574754689,0.669402585703761,0.655027820505505,0.670011585706472,0.617715235128423,0.658804263823736,0.62173043530342,0.660561197070678,0.624577519621227,0.671427194419083,0.640423468480641,0.736699978304558,0.653681230124754,0.693531560208295,0.616232500569063,0.657098830503103,0.668527565042522,0.677558489085221,0.682951554360073,0.669585629942496,0.720113119023008,0.619351412026226,0.703361316475099,0.628063170330049,0.605005589935622,0.673541242580274,0.690040492815267,0.630217922954223,0.645709239351442,0.68502501399682,0.603143736842158,0.701449755736943,0.644069905915731,0.675311677379775,0.642836604234764
"10",0.685690323294904,0.734678055487118,0.693619834808784,0.684879036282723,0.703966842923013,0.665616124776857,0.707991914279638,0.680380462049536,0.716156329376189,1,0.636725095231909,0.650761821144121,0.659265148756072,0.66561041531186,0.655931662217697,0.670434347072753,0.752648201002786,0.709268955683039,0.673579090612619,0.696476504606229,0.663213538773421,0.665232117036719,0.651440853136712,0.623283469975887,0.695040573246421,0.689654088623838,0.651359196182103,0.679833450138839,0.691011336303113,0.631390943346521,0.718164013485928,0.665688561378151,0.662445049081231,0.72462788629981,0.653371647139697,0.678749509589607,0.639959305815703,0.588932366764628,0.613570233243129,0.661493662459638,0.639487586512996,0.665877576547255,0.648125287955616,0.660454441879144,0.632848857262356,0.631160866260275,0.663802919847101,0.652703188608606,0.646164771069168,0.682074488341775,0.685915341080823,0.653226769189144,0.661671767118628,0.64393579177738,0.631302255479556,0.659458400703095,0.66464334206124,0.683485384991651,0.677569904712462,0.690252888719282,0.623611473549053,0.659951935742144,0.397394757601601,0.389054511406652,0.6712267930777,0.444985858769348,0.42744981982341,0.650087520753975,0.434221932859413,0.422250353161404,0.648106073405386,0.412370739000013,0.328518352503106,0.406889436495049,0.433805319677002,0.645411440966956,0.522463998617779,0.419636027780157,0.670448162604903,0.490019280191616,0.663147823660815,0.65820984105451,0.643904502476763,0.674921495043722,0.624162860598181,0.643428387367947,0.658145112305141,0.633675146031313,0.671558212780043,0.655509784540112,0.663965935993987,0.663413175722747,0.665179790747915,0.684066265006909,0.658908752808312,0.680060619564805,0.672051047820767,0.669672481644764,0.672842314556701,0.6405265877879,0.613217155839374,0.646781318309047,0.67489965814452,0.661831131497504,0.652864048206247,0.721614853319412,0.679840562812396,0.673052798581245,0.673107200128925,0.626605294013846,0.673623502995913,0.6442511666694,0.688975600033895,0.728845275035484,0.648875577959431,0.665312792331706,0.680501042607635,0.607696907244584,0.667160271490989,0.65587417883295,0.673721095359295,0.602676377177392
"11",0.627610947833259,0.662286518730239,0.70646318915121,0.655834011455821,0.63626349052409,0.626518760125471,0.698297428602152,0.668984848663965,0.809327416505405,0.636725095231909,1,0.719927827217715,0.630732782829577,0.736897775438266,0.65257723083951,0.643308924509458,0.635812763543773,0.716458196027289,0.621494232287276,0.632227326855499,0.683588863868271,0.64858795726253,0.626819505552908,0.725563327344307,0.686417994352809,0.663766073143692,0.646763736640119,0.709121010588027,0.689406450064561,0.629735789094865,0.68166378753132,0.615379594674639,0.687527474329486,0.661139838406872,0.631533475124612,0.731380569213581,0.684931451205679,0.505560935749974,0.639803767618253,0.659805010665727,0.667766757209083,0.699835662053098,0.691189609072962,0.659174223389474,0.6346167624714,0.636397592413958,0.693790159150495,0.651310109320402,0.682923229622679,0.707027837749652,0.665030115696783,0.705262454342333,0.635960779151545,0.666028895578196,0.661386842391282,0.663383390094796,0.688066966626653,0.666305835952255,0.690092982183652,0.708487614870367,0.602098289393157,0.653725086811295,0.417208523641246,0.377306147256576,0.667122590433321,0.378340566639922,0.473641202674732,0.696490631418173,0.510820219846055,0.408447041870546,0.648345479989591,0.451384981495933,0.43867780391777,0.500892497613605,0.479201851143875,0.64657554234303,0.555482300514158,0.408869433452627,0.692028329633444,0.500445090217947,0.634963555806314,0.615954548407544,0.606218880960226,0.665991977455047,0.679929524063024,0.670056253105544,0.702938001889706,0.635270507455262,0.629227016454237,0.525464476536113,0.65736550520137,0.663052756683563,0.668222619449366,0.646536841869383,0.674708322949987,0.621192947087875,0.703029743697922,0.644457554894866,0.667338709677419,0.644257895291546,0.596957103961198,0.639868021466394,0.676204917237594,0.642792601028734,0.652549588509196,0.659228830774769,0.665925475124783,0.642326093008106,0.670024453412225,0.58901053370854,0.628022566215666,0.659956119482455,0.612535722116253,0.714342714806543,0.62398677388806,0.604710189344098,0.60110373821536,0.645217529407649,0.697925293645805,0.670006516164024,0.644367982510348,0.627125925172402
"12",0.666997968064017,0.731785449914401,0.663035451100991,0.745565604054945,0.678671633165225,0.644452094130608,0.701106318985782,0.653525760015113,0.69247516247918,0.650761821144121,0.719927827217715,1,0.767192603804917,0.76788564853646,0.601673932743026,0.710010801131401,0.731044437274801,0.703001794983659,0.718072133144044,0.649696402353208,0.682386077744815,0.625413064609882,0.570098955107787,0.645554785165657,0.689194604825689,0.643345634438867,0.629092674917277,0.613060430923011,0.639599689041585,0.626543530226742,0.63603939959293,0.648514781734159,0.617841364897483,0.647711828322326,0.662906731123261,0.7342944233696,0.610483520887007,0.507490504339216,0.643696935012947,0.607326509328734,0.593502283610574,0.649601257533124,0.645280744072628,0.657977902710249,0.651213337427907,0.636171712684012,0.675895521130107,0.669013280911105,0.652886553368301,0.64833962566443,0.660105549798685,0.650958159655073,0.63976980175767,0.640284054968924,0.625307038856103,0.633336497972538,0.688752412497572,0.668670267129984,0.60494139618618,0.616577932579849,0.635270931129272,0.645770288998845,0.353638267167739,0.358641317605464,0.626119689238978,0.359383257020305,0.417585047732806,0.624333135034116,0.384097510045399,0.394171493839144,0.625647152803591,0.370794318369263,0.350407463869699,0.420178324363981,0.432198127361323,0.649271753855757,0.535268064183689,0.379525073678031,0.667099924323301,0.465579036294874,0.659516571244841,0.643703239121105,0.618327381515026,0.684316706451767,0.632664471136652,0.679039652912607,0.617133827323513,0.633773342585341,0.601335349641128,0.661159958400468,0.652902156118465,0.669926209753474,0.644126428786086,0.653880658002565,0.630868720532716,0.648324657825466,0.69382575892514,0.616979740803964,0.674876029777742,0.599329064806613,0.625231103302873,0.627265173721601,0.646978963487518,0.655542320125823,0.640285192451026,0.656831705051574,0.682040992318043,0.650500515967487,0.644000074150487,0.644837063935943,0.682263925244253,0.661060704173915,0.625729996049725,0.645079870969862,0.641952955615707,0.622712407218166,0.600209933276581,0.605706050809534,0.661454972247691,0.614454344964669,0.67540907398993,0.648962915853079
"13",0.674688304412044,0.688132103109231,0.686404873395831,0.707745509366661,0.75960081984994,0.690048340324407,0.704088790666941,0.693228305085906,0.721463249908708,0.659265148756072,0.630732782829577,0.767192603804917,1,0.863552960873242,0.664519026520591,0.67560901131759,0.677391837335905,0.737089102874987,0.66599550196311,0.698731135047659,0.678524516199492,0.695617019031841,0.718794371648423,0.680076285905135,0.661139858701896,0.638782439322322,0.680219876235052,0.687269251544894,0.65716109441213,0.642694163179403,0.650120848636277,0.63814305159332,0.670281943440983,0.712462822067786,0.67875083983904,0.695337973881313,0.637560543728452,0.59761378320464,0.636849710370749,0.66899373083729,0.641991342974806,0.647862728284781,0.644458972997623,0.666982679902041,0.615668713447877,0.645301745810233,0.682792332371646,0.697464481345236,0.663156515322917,0.690098415749664,0.65372339370694,0.645231286810813,0.659392005241385,0.600059348865453,0.648193697442899,0.615945683973009,0.683234742997723,0.676037862389367,0.655988466029338,0.650115513110864,0.63777031487228,0.680724302071728,0.341181439771554,0.371037683177937,0.684585603202074,0.450465499159885,0.327783219626548,0.687515185252406,0.428680808770993,0.410532172209575,0.647149496824538,0.394425895820276,0.370695196079838,0.408846850650281,0.453914758317882,0.67094664251796,0.544571411868715,0.457345655554621,0.64541301522652,0.43551679670106,0.627197730894513,0.662389951153613,0.594464110260034,0.709135531230933,0.644977335426808,0.642382110377335,0.672661391113108,0.664044377867343,0.646787428403219,0.610861105347452,0.643094293752947,0.622483719039156,0.635198872037062,0.614707331669618,0.67204987626106,0.65588270427686,0.678653051829719,0.67056464469722,0.688754223532279,0.630969534610611,0.621564717969685,0.679719143123955,0.666847018631371,0.655273847312748,0.682519166997826,0.707666068314563,0.67358407236381,0.67949740023943,0.667184768932066,0.632781213533281,0.703326595481147,0.669686401252168,0.654380811564706,0.657771221180652,0.642181150738472,0.682955238884989,0.619233608270874,0.680475784414319,0.641377745896213,0.704077369455047,0.654989121890034,0.675065334113367
"14",0.759183833382946,0.716040254615345,0.674254095756365,0.773972100002853,0.76638680061289,0.773292539322896,0.771618737827678,0.767106425557209,0.741504963846244,0.66561041531186,0.736897775438266,0.76788564853646,0.863552960873242,1,0.721335803644088,0.701296789686532,0.776270866443439,0.683462566562466,0.710199920782793,0.72296923839947,0.661990010408526,0.666988359341845,0.723505045905361,0.673211825052245,0.704268904405451,0.705974477527374,0.6812146276409,0.592612133997556,0.738802061661512,0.698189044060643,0.681383140527238,0.644743818681906,0.66305295895816,0.731126150494709,0.638942142411098,0.663717809946723,0.639861507045094,0.628442543643219,0.637231968115514,0.666723958063328,0.679267514921395,0.681898905579897,0.718083724036744,0.661316805756348,0.671272208349381,0.705755909995528,0.680030985505299,0.726258078233556,0.69611126219657,0.681755339016029,0.682675033392049,0.735755656674631,0.678142626690734,0.683431108398361,0.641641857446415,0.658369249343828,0.686843435234641,0.713640601438741,0.667088677568102,0.714308728334921,0.671390710987516,0.684975279601748,0.351797427107798,0.426818092625146,0.633247601162696,0.355744414494473,0.417632230210238,0.742698390941034,0.456318689349279,0.38772994773805,0.645506774896322,0.368325512095172,0.334697681536893,0.408653272449615,0.436512974088293,0.668833110362362,0.564886785421932,0.394114552159538,0.665056079536719,0.545224149129243,0.655120722290499,0.694199841344144,0.640291450592292,0.709803674932578,0.673829229388275,0.731178726374095,0.657422416865188,0.614240621886276,0.678501368332263,0.701750063748426,0.669273318238966,0.674878311047501,0.630917639921829,0.677136872408787,0.751644409687452,0.717805343976129,0.68536280467296,0.632870127974757,0.704615581384428,0.650753720428092,0.67936023967109,0.640446624087104,0.718809702496966,0.651655997123054,0.697651924183068,0.715780073989029,0.678223058609983,0.682240006170303,0.641138425067467,0.621181192771318,0.650324520407036,0.672779257068794,0.708531950453495,0.696761791543727,0.69327731092437,0.68637428261672,0.66281166317486,0.614261633570828,0.675987440300473,0.625066326701326,0.650273206019161,0.70674399236773
"15",0.639290111106973,0.680222393824854,0.693112528504433,0.657582149711914,0.66279948985298,0.644066205535424,0.685742421198968,0.686874852833418,0.6866936945205,0.655931662217697,0.65257723083951,0.601673932743026,0.664519026520591,0.721335803644088,1,0.696217943074542,0.719758843747181,0.665917752090935,0.720075198843759,0.680456967274017,0.673080772590802,0.648614556569654,0.66667836895172,0.69298769129448,0.668171508384953,0.672916662933244,0.67447855525456,0.676241428886739,0.670973419339137,0.680759750190729,0.655139043699552,0.64178982657503,0.621393064185967,0.676026689747067,0.645798072415003,0.693442981264798,0.664484247564823,0.548228543380004,0.636748435686903,0.645083321181854,0.629685073552161,0.688651215684396,0.633355007402434,0.653967588147435,0.657329897467697,0.642850108151461,0.658376844534436,0.692621132070236,0.675723146699526,0.682751562743256,0.669843246952927,0.672267562213083,0.657973604233731,0.637233085598304,0.641904398685673,0.660400539783924,0.645159240993756,0.671083998011263,0.653095810843341,0.691059646877832,0.615255953394698,0.653518079548044,0.371246666772647,0.371633521449095,0.668592523610522,0.373652239623535,0.401058268600057,0.635505126806099,0.441490332521471,0.404002431828413,0.637722703788369,0.410431929902055,0.325046371716085,0.40932918142313,0.41405683562333,0.653419525216901,0.540135522239557,0.401928488106752,0.64616529917539,0.466749619209106,0.626669479339741,0.633437774862601,0.633643241833849,0.671244743400939,0.662613174208177,0.655336091395861,0.672176257050257,0.657619635473405,0.670923180563818,0.625807247627549,0.649738337694092,0.632183172183651,0.633937468961461,0.60978772319436,0.658274313660233,0.66591176494986,0.660674836257894,0.656216653082413,0.666102752281029,0.619614954870844,0.640729167957592,0.63893689058195,0.65954554233981,0.676467003183435,0.684031854692015,0.689857321477976,0.687889084091463,0.64484930232329,0.663946189314813,0.674323608536729,0.646796018609994,0.591766674668742,0.670014087797927,0.634089982413958,0.663276597647072,0.642663970666731,0.61521946203552,0.634271573907163,0.645198263932469,0.633788354424134,0.665186011689077,0.639934817280355
"16",0.694330089544565,0.69718391703846,0.637795846498934,0.679354350431171,0.674098130668418,0.677683257227767,0.743524343535415,0.720501347185427,0.703187985053642,0.670434347072753,0.643308924509458,0.710010801131401,0.67560901131759,0.701296789686532,0.696217943074542,1,0.738487978561314,0.649435250684815,0.711104357691367,0.655851588583983,0.669682474492446,0.680301987522744,0.621150139875985,0.689906478141103,0.70165991265288,0.67652071908625,0.678854608603785,0.654381592662691,0.671502000946244,0.657123689661772,0.66570831073024,0.700141976071514,0.683168117306429,0.685630581430825,0.695910575180424,0.654244463648745,0.667793120236684,0.605842493713621,0.651558019489221,0.674892670372478,0.671034251531495,0.705049851207333,0.694415570092448,0.684581189613523,0.655487290805386,0.664271643310101,0.668625914521894,0.744640051037038,0.644125483165988,0.674495788479013,0.66467331080629,0.656150216518966,0.712959150118249,0.67164232947104,0.679166249726513,0.702082279038779,0.6863183352598,0.678040369881123,0.691901872505687,0.677985605318426,0.666595629210507,0.6654574130029,0.380516102908559,0.40073392630111,0.664150514910322,0.361252019763163,0.41137368998547,0.708386277725467,0.422813684802792,0.421487483542441,0.661142353503682,0.445231746043235,0.382206771818008,0.426601724905842,0.457149864122829,0.671299065702776,0.551170084348318,0.460284766585401,0.680668298272781,0.471913772350595,0.663442201122624,0.665843497777923,0.630899011981402,0.672514183288537,0.696474314652941,0.688569802540995,0.644258432048757,0.644236842564609,0.734394928608228,0.683061303391823,0.677454940889866,0.672065994590338,0.691828926601873,0.672744498687927,0.72237910190708,0.696310506179309,0.707886581818385,0.685862012249728,0.685718984843369,0.667929570185761,0.682783434781436,0.643540550746543,0.67584473123356,0.698366304392147,0.67462348108248,0.726012239167257,0.711093371667109,0.673471565960258,0.684543701028623,0.691915485915142,0.695717667174545,0.69563535374842,0.72156209714327,0.684808499221553,0.666191632275104,0.679759206390986,0.644584424555547,0.671643301543423,0.672984607114582,0.681841647325174,0.711127186270724,0.671883359444307
"17",0.756446867562265,0.748146521630562,0.58243594073229,0.709471456408484,0.775586339350198,0.734585548280881,0.731671926283215,0.740576141229764,0.710806098150986,0.752648201002786,0.635812763543773,0.731044437274801,0.677391837335905,0.776270866443439,0.719758843747181,0.738487978561314,1,0.74439972925349,0.717884736743536,0.719647682146281,0.714499595649556,0.669740939042287,0.748892328211797,0.670609441621463,0.665840895155729,0.749639165784183,0.742875478315834,0.638565864173554,0.704409713470847,0.692123962530928,0.700782086021912,0.645431144338201,0.690585807945444,0.720667377874257,0.713154553721914,0.693051600270455,0.685524894031809,0.553836437330987,0.66588147877264,0.675063013108321,0.672691499212502,0.70606610672351,0.714948011956929,0.681305622470093,0.669045412361235,0.675951830114608,0.719226345834164,0.734475952727902,0.701917875313724,0.739365004319288,0.717885803779276,0.688031347464065,0.697065973219938,0.721371602374855,0.756631724946149,0.713539467149813,0.698250199939956,0.688303791860292,0.667454945888212,0.72246713925659,0.653996105229506,0.662476378654077,0.427772113373312,0.421493481661271,0.707063664252995,0.389261088922515,0.443054064870801,0.735260097675233,0.42642750037548,0.486208001714328,0.719582310359614,0.472959373358163,0.36470199734205,0.396054142350347,0.441516422778943,0.688494255608386,0.635230187611016,0.506501610095222,0.654463520493779,0.510178658498455,0.66988339787762,0.670817991789243,0.704275637249316,0.716315107711099,0.686017146816639,0.759323041652767,0.71512193540083,0.642593145152197,0.688668511068304,0.632894245249762,0.709262668283999,0.710495202916093,0.630258847419305,0.716151999188193,0.691981098916846,0.642555485062408,0.664257461126846,0.742760927819848,0.64552049923526,0.641823516829391,0.684952247648688,0.684068957195412,0.694713308201459,0.657370769729287,0.71651339075185,0.706963312361203,0.648644947520859,0.708487059356933,0.689544469259304,0.759514452494427,0.721920998938263,0.652767619658595,0.674370286692148,0.712794085465442,0.726098469430114,0.650856924461227,0.670363943965284,0.72014528497102,0.728508587721568,0.687620166561883,0.671265523185327,0.680107982571114
"18",0.696436264222364,0.718130669386607,0.708191341352173,0.651839884743929,0.680168478092786,0.639688145401145,0.732851392894589,0.654644622752135,0.716560920637182,0.709268955683039,0.716458196027289,0.703001794983659,0.737089102874987,0.683462566562466,0.665917752090935,0.649435250684815,0.74439972925349,1,0.751129241883835,0.71021256671954,0.657802780355106,0.664625597871381,0.626893329271014,0.663978312536324,0.669292194581531,0.62577398072414,0.68467363674498,0.64885549685491,0.686444439389249,0.707693815838841,0.6665121473342,0.674677221711329,0.671575387349649,0.704612452061616,0.676940759324929,0.732427102932767,0.694951425219026,0.573681602686394,0.653418343741986,0.653450839241006,0.651792078540776,0.668577078933309,0.703059750164529,0.677948901462821,0.689725337330026,0.692550579139885,0.675503078620527,0.709675223081477,0.691379532402891,0.729596389904359,0.708509362465951,0.683036830001445,0.699824652229465,0.653972549228267,0.692826656805315,0.671711087790759,0.700445517772087,0.671544773518639,0.694158769723052,0.674129830405676,0.642327226511703,0.685234200333836,0.406298356041639,0.382419320681714,0.712768191819063,0.436207832472686,0.504602360554257,0.696815016602586,0.441011536782172,0.398261299650373,0.681002667943777,0.489213982587067,0.444072718783526,0.459356151652333,0.41695494878686,0.67640938681338,0.579431782356293,0.461123244076576,0.677339856793756,0.489002372913846,0.650620485810572,0.620983927015238,0.629930370133404,0.686920767217976,0.700889696169995,0.697582869886963,0.698581665587764,0.691598700331694,0.640207021452248,0.675594562900118,0.683527501748237,0.670573918645645,0.620759929235953,0.677145661309594,0.690377302030412,0.679907428989091,0.696980248829972,0.702852975287996,0.660178567645301,0.637851216657598,0.6762017069657,0.672871659244041,0.697030253729134,0.691886464504565,0.693329788736273,0.730536516830011,0.650534875653904,0.685931993889196,0.700132668895958,0.706775782473619,0.653904005269711,0.684079962739576,0.636066024869525,0.674166642081105,0.695912896194767,0.655512477270163,0.626626056042585,0.632570873024092,0.666120609897786,0.641864264079197,0.719994907596005,0.665449931407704
